4294967278,282
4294967279,262
4294967279,261
4294967279,275
4294967278,333
4294967278,375
4294967279,257
4294967279,256
4294967279,520
4294967278,332
4294967278,258
4294967294,1167
4294967294,1166
4294967294,1164
4294967294,1163
4294967294,1158
4294967294,1019
4294967294,992
4294967294,990
4294967294,989
4294967294,988
4294967294,987
4294967294,60
4294967278,367
4294967279,517
4294967278,330
4294967279,561
4294967279,514
4294967278,255
4294967278,325
4294967278,374
4294967278,250
4294967278,248
4294967278,397
4294967278,239
4294967278,21
4294967278,19
4294967278,279
4294967279,316
4294967279,246
4294967279,20
4294967279,19
4294967279,18
4294967278,233
4294967278,396
4294967278,220
4294967279,215
4294967278,212
175,4
175,3
175,2
175,1
4294967279,205
4294967278,203
4294967279,202
4294967278,199
4294967279,198
4294967278,197
174,4
174,3
174,2
174,1
173,4
173,3
173,2
173,1
4294967278,187
172,4
172,3
172,2
172,1
171,4
171,3
171,2
171,1
170,4
170,3
170,2
170,1
4294967278,371
168,6
168,5
168,4
168,3
168,2
168,1
4294967278,298
4294967279,158
4294967278,32
4294967279,143
4294967294,38
4294967294,37
4294967278,30
165,5
165,4
165,3
165,2
165,1
4294967294,40
4294967278,288
4294967279,282
4294967294,1421
4294967294,387
162,6
4294967279,276
162,5
162,4
162,3
162,2
162,1
4294967294,407
4294967294,1172
4294967294,455
4294967294,448
4294967278,395
161,5
161,4
161,3
161,2
161,1
4294967294,89
4294967294,1093
4294967294,392
4294967294,114
4294967279,562
4294967278,328
4294967278,352
160,5
160,4
160,3
160,2
160,1
4294967278,252
159,5
4294967279,241
159,4
159,3
159,2
159,1
4294967278,234
4294967278,323
4294967279,231
4294967279,229
4294967294,99
4294967294,76
4294967279,223
157,4
157,3
157,2
157,1
0,7
4294967294,1
4294967294,1001
4294967294,186
4294967294,1000
4294967294,1176
4294967294,0
4294967294,36
4294967278,215
4294967294,389
4294967294,390
4294967294,115
4294967294,120
4294967294,2
4294967278,322
4294967294,388
4294967278,319
4294967279,313
4294967278,318
4294967279,312
4294967294,107
4294967278,313
4294967294,41
4294967278,293
4294967279,311
4294967278,316
4294967279,329
4294967294,46
4294967278,394
4294967279,309
4294967278,314
4294967279,308
4294967279,307
4294967278,311
4294967279,306
4294967294,90
4294967294,86
4294967294,84
4294967294,1017
4294967294,1174
4294967294,45
4294967294,44
4294967278,310
4294967278,202
4294967278,365
4294967279,305
4294967278,364
4294967279,557
4294967278,363
4294967278,349
4294967279,0
4294967279,555
4294967279,300
4294967294,50
4294967294,1418
4294967294,18
4294967294,127
4294967294,14
4294967294,126
4294967294,20
4294967294,13
4294967294,43
4294967294,51
4294967294,52
4294967294,1018
4294967278,343
4294967279,554
4294967294,92
4294967294,88
4294967279,551
4294967278,360
4294967279,167
4294967279,293
4294967294,81
4294967294,1098
4294967294,82
4294967294,11
4294967294,68
4294967278,132
4294967278,131
4294967278,130
4294967278,129
4294967278,128
4294967278,127
4294967278,126
4294967278,125
4294967278,124
4294967278,123
4294967278,122
4294967278,121
4294967278,120
4294967278,119
4294967278,118
4294967278,117
4294967278,116
4294967278,115
4294967278,114
4294967278,113
4294967278,112
4294967278,111
4294967278,110
4294967278,109
4294967278,108
4294967278,107
4294967278,106
4294967278,105
4294967278,104
4294967278,103
4294967278,102
4294967278,101
4294967278,100
4294967278,99
4294967278,98
4294967278,97
4294967278,96
4294967278,95
4294967278,94
4294967278,93
4294967278,92
4294967278,91
4294967278,86
4294967278,85
4294967278,84
4294967278,83
4294967278,82
4294967278,81
4294967278,80
4294967278,79
4294967278,78
4294967278,77
4294967278,76
4294967278,74
4294967278,73
4294967278,71
4294967278,70
4294967278,68
4294967278,67
4294967278,65
4294967278,64
4294967278,63
4294967278,62
4294967278,61
4294967278,60
4294967278,58
4294967278,55
4294967278,54
4294967278,53
4294967278,52
4294967278,51
4294967278,50
4294967278,48
4294967278,46
4294967278,45
4294967278,44
4294967278,43
4294967278,41
4294967278,38
4294967278,47
4294967278,358
4294967279,159
4294967278,88
4294967278,174
4294967278,260
4294967278,90
4294967278,89
4294967278,87
4294967278,75
4294967278,72
4294967278,69
4294967278,66
4294967278,59
4294967278,57
4294967278,56
4294967278,49
4294967278,42
4294967278,297
4294967278,40
4294967278,370
4294967278,39
4294967279,294
4294967279,567
4294967279,288
4294967279,21
4294967279,16
4294967279,14
4294967279,13
4294967279,11
4294967279,10
4294967279,9
4294967279,8
4294967279,7
4294967279,6
4294967279,5
4294967279,4
4294967278,356
4294967279,150
4294967279,566
4294967279,565
4294967278,369
156,4
4294967279,144
156,3
156,2
156,1
4294967279,138
4294967278,393
155,4
155,3
155,2
155,1
4294967278,287
4294967279,279
4294967294,39
154,4
154,3
154,2
154,1
4294967294,178
4294967294,1005
4294967294,412
4294967294,411
4294967294,110
4294967294,456
4294967294,450
4294967278,267
153,4
153,3
153,2
153,1
152,4
4294967278,285
152,3
152,2
152,1
151,4
4294967279,253
151,3
151,2
151,1
4294967278,366
4294967294,94
4294967294,96
4294967294,419
4294967279,558
4294967294,91
4294967294,87
4294967294,85
4294967278,392
4294967278,326
4294967279,560
4294967294,427
4294967294,53
4294967294,1175
4294967294,29
4294967294,28
4294967294,1016
4294967294,27
149,6
149,5
4294967279,245
149,4
4294967278,244
149,3
149,2
149,1
4294967294,17
4294967278,241
4294967294,9
4294967294,22
4294967278,350
4294967294,8
4294967279,236
4294967279,233
4294967278,232
4294967294,6
4294967278,228
4294967279,219
4294967278,218
4294967279,217
4294967294,67
4294967279,559
4294967279,212
4294967294,93
4294967294,95
4294967294,42
146,5
146,4
4294967278,206
146,2
146,1
4294967279,206
4294967279,536
4294967294,26
4294967294,436
4294967294,417
4294967294,25
4294967278,362
143,6
4294967279,193
143,5
4294967279,192
4294967279,191
143,4
143,3
143,2
143,1
4294967278,345
4294967278,305
142,5
142,4
142,3
142,2
142,1
4294967279,531
4294967278,183
4294967278,391
4294967279,328
4294967279,297
4294967279,176
141,5
141,4
4294967279,175
141,3
141,2
141,1
140,5
140,4
140,3
140,2
140,1
4294967278,295
4294967279,165
4294967294,187
4294967294,399
4294967294,398
4294967294,444
4294967294,1173
4294967294,415
4294967294,118
4294967294,453
4294967294,410
4294967278,291
4294967279,285
4294967278,292
138,4
138,3
138,2
138,1
4294967294,5
4294967278,390
4294967294,481
4294967279,287
4294967278,0
4294967278,337
4294967279,523
4294967279,549
4294967294,1422
4294967294,7
4294967294,1091
4294967294,1088
4294967294,1009
4294967294,1008
4294967294,1007
4294967294,1002
4294967294,996
4294967294,190
0,5
4294967294,1101
4294967294,1419
4294967294,83
4294967293,131
4294967293,130
4294967293,129
4294967293,128
4294967293,127
4294967293,126
4294967293,125
4294967293,124
4294967293,123
4294967293,122
4294967293,121
4294967293,120
4294967293,119
